Label,# Samples,Average,Median,90% Line,95% Line,99% Line,Min,Max,Error %,Throughput,Received KB/sec,Sent KB/sec
Transaction - Login,2,6276,5746,6807,6807,6807,5746,6807,50.000%,.03036,1.86,0.13
Transaction - Welcome,1,6266,6266,6266,6266,6266,6266,6266,0.000%,.14775,18.33,0.73
Transaction - Analytics,1,4406,4406,4406,4406,4406,4406,4406,100.000%,.20321,25.01,0.80
Transaction - Discover-new-apps,1,3839,3839,3839,3839,3839,3839,3839,100.000%,.23004,28.31,0.90
Transaction - Dashboard,1,6099,6099,6099,6099,6099,6099,6099,0.000%,.14031,17.36,0.75
admin-ajax/disable_walkthrough_session,1,1712,1712,1712,1712,1712,1712,1712,0.000%,.58411,0.33,0.84
admin-ajax/pafe_ajax_form_builder,1,1868,1868,1868,1868,1868,1868,1868,0.000%,.53533,0.36,1.22
Home,1,5932,5932,5932,5932,5932,5932,5932,0.000%,.16858,20.84,0.87
admin-ajax/load_BrandRssFeed_modal,1,1680,1680,1680,1680,1680,1680,1680,0.000%,.59524,0.35,0.85
admin-ajax/load_GlobalRssFeed_modal,1,1887,1887,1887,1887,1887,1887,1887,0.000%,.52994,1.13,0.75
get_refreshed_fragments&elementor_page_id=195,1,1569,1569,1569,1569,1569,1569,1569,0.000%,.63735,1.37,0.92
schedule.squarestack/portal-embed,1,1363,1363,1363,1363,1363,1363,1363,0.000%,.73368,4.66,0.60
WEB_CUSTOMER_BOOKING_SETTING/viewrecords,3,279,279,281,281,281,278,281,0.000%,.71090,0.74,0.96
WEB_CUSTOMER_STAFF_VIEW/viewrecords,1,282,282,282,282,282,282,282,0.000%,3.54610,3.68,4.42
WEB_BOOKING_IMAGE/viewrecords,1,282,282,282,282,282,282,282,0.000%,3.54610,3.68,4.39
WEB_CUSTOMER_SERVICE/viewrecords,1,279,279,279,279,279,279,279,0.000%,3.58423,3.73,4.61
Transaction - Load Apps,1,17692,17692,17692,17692,17692,17692,17692,0.000%,.04112,5.85,0.90
Transaction - Register,1,4282,4282,4282,4282,4282,4282,4282,0.000%,.20786,5.35,0.40
Debug Sampler,1,0,0,0,0,0,0,0,0.000%,∞,0.00,0.00
TOTAL,22,3310,1712,6266,6807,17692,0,17692,13.636%,.33393,14.08,1.10
